
Resp charges for organic molecule                                               

iqopt   irstrnt  ihfree     qwt
  2      1      1        0.001000

 rel.rms   dipole mom       Qxx      Qyy      Qzz
    0.05957  16.80961 -78.61318  12.46507  66.14810

          Point charges before & after optimization
    NO   At.No.    q0           q(opt)   IVARY  d(rstr)/dq 
     1     6   0.023793       0.023793  -99    0.009728
     2     6   0.176964       0.176964  -99    0.004920
     3     6  -0.051881      -0.051881  -99    0.008876
     4     6  -0.201180      -0.201180  -99    0.004451
     5     6  -0.148484      -0.172251    0    0.005021
     6     6  -0.218532      -0.218532  -99    0.004161
     7     6   0.514495       0.514495  -99    0.001908
     8     6   0.061691       0.041982    0    0.009220
     9     6   0.366940       0.366940  -99    0.002629
    10     6  -0.059161      -0.101555    0    0.007016
    11     6   0.043122      -0.244092    0    0.003791
    12     6  -0.183068      -0.255613    0    0.003643
    13     6   0.158039       0.335646    0    0.002855
    14     6   0.241067       0.335646   13    0.002855
    15     6  -0.146829      -0.146829  -99    0.005629
    16     6  -0.140998      -0.140998  -99    0.005785
    17     6  -0.239639      -0.239639  -99    0.003851
    18     7  -0.336973      -0.336973  -99    0.002845
    19     6  -0.454550      -0.454550  -99    0.002149
    20     8  -0.599213      -0.599213  -99    0.001646
    21     7  -0.467652      -0.467652  -99    0.002091
    22     7  -0.002114      -0.002114  -99    0.009998
    23     6  -0.089986      -0.255613   12    0.003643
    24     7  -0.605548      -0.605548  -99    0.001629
    25     6   0.310097       0.310097  -99    0.003069
    26     6  -0.146829      -0.146829  -99    0.005629
    27     6  -0.140998      -0.140998  -99    0.005785
    28     6  -0.028389      -0.028389  -99    0.009620
    29     6   0.353754       0.353754  -99    0.002720
    30     7  -0.450023      -0.450023  -99    0.002169
    31     1   0.168013       0.168013  -99    0.000000
    32     1   0.071518       0.086421    0    0.000000
    33     1   0.063875       0.086421   32    0.000000
    34     1   0.012427       0.002845    0    0.000000
    35     1  -0.011419       0.002845   34    0.000000
    36     1   0.014600       0.081195    0    0.000000
    37     1   0.057336       0.081195   36    0.000000
    38     1   0.047803       0.132708    0    0.000000
    39     1   0.018072       0.132708   38    0.000000
    40     1   0.127885       0.138065    0    0.000000
    41     1   0.094900       0.138065   40    0.000000
    42     1   0.063933       0.004534    0    0.000000
    43     1   0.078368       0.004534   42    0.000000
    44     1  -0.024702       0.004534   42    0.000000
    45     1   0.064831       0.004534   42    0.000000
    46     1   0.121748       0.121748  -99    0.000000
    47     1   0.150340       0.150340  -99    0.000000
    48     1   0.151187       0.151187  -99    0.000000
    49     1   0.334514       0.334514  -99    0.000000
    50     1   0.153885       0.153885  -99    0.000000
    51     1   0.053593       0.138065   40    0.000000
    52     1   0.104648       0.138065   40    0.000000
    53     1   0.121748       0.121748  -99    0.000000
    54     1   0.150340       0.150340  -99    0.000000
    55     1   0.272642       0.272642  -99    0.000000

        Statistics of the fitting:
  The initial sum of squares (ssvpot)                     10.971
  The residual sum of squares (chipot)                     0.039
  The std err of estimate (sqrt(chipot/N))               0.00182
  ESP relative RMS (SQRT(chipot/ssvpot))                 0.05957

 Dipole Moment (Debye)=  16.80961
